-150 86
-147 -74
-144 -40
-141 69
-138 49
-135 23
-132 81
-129 98
-126 -81
-123 -77
-120 7
-117 -24
-114 1
-111 55
-108 -26
-105 40
-102 66
-99 1
-96 91
-93 36
-90 11
-87 -27
-84 -3
-81 27
-78 -32
-75 64
-72 19
-69 -23
-66 -3
-63 -54
-60 9
-57 74
-54 -54
-51 -45
-48 -46
-45 39
-42 52
-39 88
-36 65
-33 12
-30 -18
-27 -81
-24 -76
-21 -93
-18 -94
-15 18
-12 -9
-9 30
-6 50
-3 -50
0 61
3 68
6 5
9 33
12 7
15 92
18 44
21 -78
24 80
27 -31
30 24
33 -75
36 -35
39 87
42 79
45 47
48 21
51 29
54 -25
57 -94
60 -85
63 -32
66 84
69 43
72 8
75 -4
78 37
81 -30
84 71
87 -42
90 -86
93 -39
96 -9
99 92
102 -3
105 63
108 84
111 58
114 -67
117 -39
120 -63
123 2
126 -24
129 3
132 34
135 -94
138 -43
141 33
144 57
147 -85
150 -97
